# Exported from Wings 3D 1.3.0.1
mtllib forcefield generator.mtl
o forcefield generator
#192 vertices, 380 faces
v 2.50523062 1.00000000 0.17568082
v 2.50523062 1.00000000 -0.17568082
v 1.89569066 1.00000000 1.64724046
v 1.64724046 1.00000000 1.89569066
v 0.17568082 1.00000000 2.50523062
v -0.17568082 1.00000000 2.50523062
v -1.64724046 1.00000000 1.89569066
v -1.89569066 1.00000000 1.64724046
v -2.50523062 1.00000000 0.17568082
v -2.50523062 1.00000000 -0.17568082
v -1.89569066 1.00000000 -1.64724046
v -1.64724046 1.00000000 -1.89569066
v -0.17568082 1.00000000 -2.50523062
v 0.17568082 1.00000000 -2.50523062
v 1.64724046 1.00000000 -1.89569066
v 1.89569066 1.00000000 -1.64724046
v 2.50523062 -1.00000000 0.17568082
v 2.50523062 -1.00000000 -0.17568082
v 1.89569066 -1.00000000 1.64724046
v 1.64724046 -1.00000000 1.89569066
v 0.17568082 -1.00000000 2.50523062
v -0.17568082 -1.00000000 2.50523062
v -1.64724046 -1.00000000 1.89569066
v -1.89569066 -1.00000000 1.64724046
v -2.50523062 -1.00000000 0.17568082
v -2.50523062 -1.00000000 -0.17568082
v -1.89569066 -1.00000000 -1.64724046
v -1.64724046 -1.00000000 -1.89569066
v -0.17568082 -1.00000000 -2.50523062
v 0.17568082 -1.00000000 -2.50523062
v 1.64724046 -1.00000000 -1.89569066
v 1.89569066 -1.00000000 -1.64724046
v 2.34298090 0.37242338 -0.56738630
v 2.34298090 -0.37242338 -0.56738630
v 2.05794038 -0.37242338 -1.25553498
v 2.05794038 0.37242338 -1.25553498
v 1.25553498 0.37242338 -2.05794038
v 1.25553498 -0.37242338 -2.05794038
v 0.56738630 -0.37242338 -2.34298090
v 0.56738630 0.37242338 -2.34298090
v -1.25553498 -0.37242338 -2.05794038
v -1.25553498 0.37242338 -2.05794038
v -0.56738630 0.37242338 -2.34298090
v -0.56738630 -0.37242338 -2.34298090
v -2.34298090 -0.37242338 -0.56738630
v -2.34298090 0.37242338 -0.56738630
v -2.05794038 0.37242338 -1.25553498
v -2.05794038 -0.37242338 -1.25553498
v -2.34298090 0.37242338 0.56738630
v -2.34298090 -0.37242338 0.56738630
v -2.05794038 -0.37242338 1.25553498
v -2.05794038 0.37242338 1.25553498
v -1.25553498 0.37242338 2.05794038
v -1.25553498 -0.37242338 2.05794038
v -0.56738630 -0.37242338 2.34298090
v -0.56738630 0.37242338 2.34298090
v 0.56738630 0.37242338 2.34298090
v 0.56738630 -0.37242338 2.34298090
v 1.25553498 -0.37242338 2.05794038
v 1.25553498 0.37242338 2.05794038
v 2.34298090 -0.37242338 0.56738630
v 2.34298090 0.37242338 0.56738630
v 2.05794038 0.37242338 1.25553498
v 2.05794038 -0.37242338 1.25553498
v 4.41952822 -0.37242338 1.42752037
v 4.41952822 0.37242338 1.42752037
v 4.13448771 0.37242338 2.11566904
v 4.13448771 -0.37242338 2.11566904
v 1.42752037 0.37242338 4.41952822
v 1.42752037 -0.37242338 4.41952822
v 2.11566904 -0.37242338 4.13448771
v 2.11566904 0.37242338 4.13448771
v -2.11566904 0.37242338 4.13448771
v -2.11566904 -0.37242338 4.13448771
v -1.42752037 -0.37242338 4.41952822
v -1.42752037 0.37242338 4.41952822
v -4.41952822 0.37242338 1.42752037
v -4.41952822 -0.37242338 1.42752037
v -4.13448771 -0.37242338 2.11566904
v -4.13448771 0.37242338 2.11566904
v -4.41952822 -0.37242338 -1.42752037
v -4.41952822 0.37242338 -1.42752037
v -4.13448771 0.37242338 -2.11566904
v -4.13448771 -0.37242338 -2.11566904
v -2.11566904 -0.37242338 -4.13448771
v -2.11566904 0.37242338 -4.13448771
v -1.42752037 0.37242338 -4.41952822
v -1.42752037 -0.37242338 -4.41952822
v 2.11566904 0.37242338 -4.13448771
v 2.11566904 -0.37242338 -4.13448771
v 1.42752037 -0.37242338 -4.41952822
v 1.42752037 0.37242338 -4.41952822
v 4.41952822 0.37242338 -1.42752037
v 4.41952822 -0.37242338 -1.42752037
v 4.13448771 -0.37242338 -2.11566904
v 4.13448771 0.37242338 -2.11566904
v 5.34009573 -0.37242338 1.80883191
v 5.34009573 0.37242338 1.80883191
v 5.05505522 0.37242338 2.49698059
v 5.05505522 -0.37242338 2.49698059
v 1.80883191 0.37242338 5.34009573
v 1.80883191 -0.37242338 5.34009573
v 2.49698059 -0.37242338 5.05505522
v 2.49698059 0.37242338 5.05505522
v -2.49698059 0.37242338 5.05505522
v -2.49698059 -0.37242338 5.05505522
v -1.80883191 -0.37242338 5.34009573
v -1.80883191 0.37242338 5.34009573
v -5.34009573 0.37242338 1.80883191
v -5.34009573 -0.37242338 1.80883191
v -5.05505522 -0.37242338 2.49698059
v -5.05505522 0.37242338 2.49698059
v -5.34009573 -0.37242338 -1.80883191
v -5.34009573 0.37242338 -1.80883191
v -5.05505522 0.37242338 -2.49698059
v -5.05505522 -0.37242338 -2.49698059
v -2.49698059 -0.37242338 -5.05505522
v -2.49698059 0.37242338 -5.05505522
v -1.80883191 0.37242338 -5.34009573
v -1.80883191 -0.37242338 -5.34009573
v 2.49698059 0.37242338 -5.05505522
v 2.49698059 -0.37242338 -5.05505522
v 1.80883191 -0.37242338 -5.34009573
v 1.80883191 0.37242338 -5.34009573
v 5.34009573 0.37242338 -1.80883191
v 5.34009573 -0.37242338 -1.80883191
v 5.05505522 -0.37242338 -2.49698059
v 5.05505522 0.37242338 -2.49698059
v 4.82312081 -0.62520871 1.32108102
v 5.12997665 -0.62520871 1.44818487
v 4.82312081 0.62520871 1.32108102
v 5.12997665 0.62520871 1.44818487
v 4.34460679 0.62520871 2.47631608
v 4.65146262 0.62520871 2.60341993
v 4.34460679 -0.62520871 2.47631608
v 4.65146262 -0.62520871 2.60341993
v 1.32108102 0.62520871 4.82312081
v 1.44818487 0.62520871 5.12997665
v 1.32108102 -0.62520871 4.82312081
v 1.44818487 -0.62520871 5.12997665
v 2.47631608 -0.62520871 4.34460679
v 2.60341993 -0.62520871 4.65146262
v 2.47631608 0.62520871 4.34460679
v 2.60341993 0.62520871 4.65146262
v -2.47631608 0.62520871 4.34460679
v -2.60341993 0.62520871 4.65146262
v -2.47631608 -0.62520871 4.34460679
v -2.60341993 -0.62520871 4.65146262
v -1.32108102 -0.62520871 4.82312081
v -1.44818487 -0.62520871 5.12997665
v -1.32108102 0.62520871 4.82312081
v -1.44818487 0.62520871 5.12997665
v -4.82312081 0.62520871 1.32108102
v -5.12997665 0.62520871 1.44818487
v -4.82312081 -0.62520871 1.32108102
v -5.12997665 -0.62520871 1.44818487
v -4.34460679 -0.62520871 2.47631608
v -4.65146262 -0.62520871 2.60341993
v -4.34460679 0.62520871 2.47631608
v -4.65146262 0.62520871 2.60341993
v -4.82312081 -0.62520871 -1.32108102
v -5.12997665 -0.62520871 -1.44818487
v -4.82312081 0.62520871 -1.32108102
v -5.12997665 0.62520871 -1.44818487
v -4.34460679 0.62520871 -2.47631608
v -4.65146262 0.62520871 -2.60341993
v -4.34460679 -0.62520871 -2.47631608
v -4.65146262 -0.62520871 -2.60341993
v -2.47631608 -0.62520871 -4.34460679
v -2.60341993 -0.62520871 -4.65146262
v -2.47631608 0.62520871 -4.34460679
v -2.60341993 0.62520871 -4.65146262
v -1.32108102 0.62520871 -4.82312081
v -1.44818487 0.62520871 -5.12997665
v -1.32108102 -0.62520871 -4.82312081
v -1.44818487 -0.62520871 -5.12997665
v 2.47631608 0.62520871 -4.34460679
v 2.60341993 0.62520871 -4.65146262
v 2.47631608 -0.62520871 -4.34460679
v 2.60341993 -0.62520871 -4.65146262
v 1.32108102 -0.62520871 -4.82312081
v 1.44818487 -0.62520871 -5.12997665
v 1.32108102 0.62520871 -4.82312081
v 1.44818487 0.62520871 -5.12997665
v 4.82312081 0.62520871 -1.32108102
v 5.12997665 0.62520871 -1.44818487
v 4.82312081 -0.62520871 -1.32108102
v 5.12997665 -0.62520871 -1.44818487
v 4.34460679 -0.62520871 -2.47631608
v 4.65146262 -0.62520871 -2.60341993
v 4.34460679 0.62520871 -2.47631608
v 4.65146262 0.62520871 -2.60341993
vt 0.0000000e+0 5.5011603e-2
vt 0.0000000e+0 0.45547882
vt 0.0000000e+0 0.57410856
vt 0.0000000e+0 0.81093878
vt 0.0000000e+0 0.83956758
vt 2.7755576e-17 0.59200049
vt 2.6111977e-6 0.35363540
vt 1.7424495e-2 7.0264294e-2
vt 1.7585698e-2 0.71062515
vt 1.7891936e-2 0.45547928
vt 1.7894547e-2 0.35363586
vt 2.6783621e-2 0.78318952
vt 3.1038817e-2 0.66693482
vt 3.1038817e-2 0.49917422
vt 3.3332946e-2 0.74583038
vt 3.4996460e-2 0.82494407
vt 3.9482488e-2 0.42352256
vt 3.9483461e-2 0.38559369
vt 4.0445251e-2 0.96974638
vt 4.3690326e-2 0.67958633
vt 4.3690326e-2 0.48652271
vt 4.4127688e-2 0.94517239
vt 4.6966094e-2 0.98535183
vt 5.1038443e-2 7.5656818e-2
vt 5.3587753e-2 0.0000000e+0
vt 6.4142764e-2 0.78973885
vt 6.4142764e-2 0.78973885
vt 6.7037782e-2 1.00000000
vt 6.8194630e-2 1.4233155e-2
vt 7.0692089e-2 0.75237970
vt 7.5610507e-2 4.3137801e-2
vt 7.7411359e-2 0.42352353
vt 7.7411359e-2 0.42352353
vt 7.7412331e-2 0.38559466
vt 7.9124148e-2 0.93054888
vt 7.9890013e-2 0.82494407
vt 7.9890013e-2 0.82494407
vt 9.7475711e-2 0.72463044
vt 9.9000273e-2 0.45548136
vt 9.9000273e-2 0.45548136
vt 9.9002884e-2 0.35363794
vt 9.9195836e-2 0.94519705
vt 0.10203424 0.98537649
vt 0.10571668 0.83956758
vt 0.10571668 0.96080249
vt 0.11689221 0.45548182
vt 0.11689482 0.35363840
vt 0.11862466 0.71062515
vt 0.11862466 0.45548390
vt 0.12223782 0.23221285
vt 0.13270136 0.18868893
vt 0.13540370 0.24785042
vt 0.13651659 0.71062515
vt 0.13651659 0.45548390
vt 0.13848276 0.42352510
vt 0.13848373 0.38559623
vt 0.13951802 0.80295267
vt 0.14071314 0.82494407
vt 0.14606735 0.76559352
vt 0.14616193 0.96974638
vt 0.14984437 0.94517239
vt 0.15268277 0.98535183
vt 0.15358164 9.5758241e-2
vt 0.15435017 0.13201300
vt 0.15503101 0.10599548
vt 0.15823039 0.81930164
vt 0.16120951 0.12992295
vt 0.16416146 0.11043346
vt 0.16519003 0.15896082
vt 0.16553258 0.13203509
vt 0.16922512 0.75658468
vt 0.17275446 1.00000000
vt 0.17314477 0.10528616
vt 0.17488939 0.82222208
vt 0.17641163 0.42352607
vt 0.17641163 0.42352607
vt 0.17641260 0.38559720
vt 0.17747637 0.10739739
vt 0.17772194 0.24263062
vt 0.18484083 0.93054888
vt 0.18588412 0.75950513
vt 0.19433884 0.31546538
vt 0.19516055 0.35363540
vt 0.19800055 0.45548390
vt 0.19800055 0.45548390
vt 0.19800316 0.35364048
vt 0.19804716 0.81321324
vt 0.20135298 0.15402421
vt 0.20459649 0.74954677
vt 0.20459649 0.77585410
vt 0.20491251 0.94519705
vt 0.20528881 0.27424771
vt 0.20753679 0.29650101
vt 0.20775092 0.98537649
vt 0.20931390 0.21507011
vt 0.21143336 0.88376814
vt 0.21143336 0.96080249
vt 0.21145093 0.67958633
vt 0.21145093 0.48652271
vt 0.21767017 0.16770226
vt 0.21900234 0.71446015
vt 0.21936905 0.76952709
vt 0.22410244 0.49917422
vt 0.22410244 0.66693482
vt 0.23501470 0.77595087
vt 0.23580609 0.82494407
vt 0.23599618 0.88001190
vt 0.24355298 0.71062515
vt 0.24906680 0.25674275
vt 0.25051449 0.84497167
vt 0.25293636 0.42352803
vt 0.25293733 0.38559916
vt 0.25514125 0.57410856
vt 0.25514125 0.45548390
vt 0.25514125 0.59200049
vt 0.25514125 0.62721346
vt 0.25514125 0.58928459
vt 0.25514125 0.55732732
vt 0.25919863 0.71704893
vt 0.25956535 0.77211587
vt 0.27303319 0.45548390
vt 0.27303319 0.55732732
vt 0.27397120 0.73702925
vt 0.27419036 0.43640084
vt 0.27419199 0.37272744
vt 0.29110341 0.43640127
vt 0.29110505 0.37272788
vt 0.29307012 0.62721346
vt 0.29307012 0.58928459
vt 0.29462292 0.48744117
vt 0.29462292 0.52537004
vt 0.30671063 0.24693165
vt 0.31235807 0.42352955
vt 0.31235905 0.11862466
vt 0.31235905 0.37033087
vt 0.31235905 0.38560068
vt 0.31235905 0.13651659
vt 0.31235905 0.35698467
vt 0.31235905 0.25514125
vt 0.31247684 0.40825956
vt 0.31432445 0.64008572
vt 0.31432445 0.57641233
vt 0.33025098 0.25514125
vt 0.33025098 0.35698467
vt 0.33123750 0.64008572
vt 0.33123750 0.57641233
vt 0.33255179 0.48744117
vt 0.33255179 0.52537004
vt 0.33255179 0.52537004
vt 0.34173306 0.92382215
vt 0.34339786 4.3690326e-2
vt 0.34339786 0.21145093
vt 0.35184071 0.32502740
vt 0.35184071 0.28709853
vt 0.35249183 0.62721346
vt 0.35249183 0.58928459
vt 0.35414153 0.45548390
vt 0.35414153 0.55732732
vt 0.35414153 0.55732732
vt 0.35604937 3.1038817e-2
vt 0.35604937 0.22410244
vt 0.35625138 0.85998431
vt 0.35625138 0.88878192
vt 0.36544221 0.81558675
vt 0.37076969 0.82494407
vt 0.37984806 0.71066988
vt 0.37984806 0.78050013
vt 0.38001647 0.77434305
vt 0.38976958 0.32502740
vt 0.38976958 0.32502740
vt 0.38976958 0.28709853
vt 0.39676105 0.71062515
vt 0.39692946 0.77429832
vt 0.40742683 0.65917074
vt 0.40742683 0.55732732
vt 0.40907652 0.48744117
vt 0.40907652 0.52537004
vt 0.41135932 0.35698467
vt 0.41135932 0.35698467
vt 0.41135932 0.25514125
vt 0.41804935 0.72344115
vt 0.41814967 0.76136989
vt 0.42681209 0.36997541
vt 0.42692989 0.40790410
vt 0.42901656 0.58928459
vt 0.42901656 0.62721346
vt 0.43033085 0.47456891
vt 0.43033085 0.53824230
vt 0.43098370 2.7755576e-17
vt 0.43098370 0.25514125
vt 0.44724390 0.53824230
vt 0.44724390 0.47456891
vt 0.44802634 0.35703720
vt 0.44822409 0.42071028
vt 0.44887564 0.0000000e+0
vt 0.44887564 0.25514125
vt 0.46198826 0.90379456
vt 0.46493931 0.35698467
vt 0.46513707 0.42065776
vt 0.46629432 0.32502740
vt 0.46629432 0.28709853
vt 0.46694543 0.58928459
vt 0.46694543 0.62721346
vt 0.46849823 0.52537004
vt 0.46849823 0.48744117
vt 0.47650658 0.86875433
vt 0.47669666 0.92382215
vt 0.48623352 0.36979086
vt 0.48635131 0.40771955
vt 0.48635131 0.36884700
vt 0.48754864 0.33789966
vt 0.48754864 0.27422627
vt 0.48853517 0.65917074
vt 0.48853517 0.55732732
vt 0.49263445 0.42908709
vt 0.49792404 0.44515170
vt 0.49821364 0.40487316
vt 0.50106940 0.86499808
vt 0.50106940 0.88942644
vt 0.50446170 0.27422627
vt 0.50446170 0.33789966
vt 0.50642710 0.48744117
vt 0.50642710 0.65917074
vt 0.50642710 0.55732732
vt 0.50642710 0.57960933
vt 0.50642710 0.51431044
vt 0.50642710 0.52537004
vt 0.50642710 0.62411435
vt 0.50642710 0.70767784
vt 0.51577528 0.92438837
vt 0.52074506 0.64442291
vt 0.52162101 0.58936173
vt 0.52205273 0.58608168
vt 0.52205273 0.52078279
vt 0.52237748 0.35698467
vt 0.52380997 3.1038817e-2
vt 0.52380997 0.22410244
vt 0.52571603 0.28709853
vt 0.52571603 0.32502740
vt 0.53079386 0.52078279
vt 0.53079386 0.45548390
vt 0.53122363 0.70607353
vt 0.53250255 0.72313843
vt 0.53260287 0.74566538
vt 0.53260287 0.76106717
vt 0.53423981 0.39301083
vt 0.53582677 0.65119810
vt 0.53624177 0.65119810
vt 0.53646148 4.3690326e-2
vt 0.53646148 0.21145093
vt 0.54625194 0.58608168
vt 0.54641948 0.52725513
vt 0.54641948 0.46195624
vt 0.54712118 0.71062515
vt 0.54873638 0.67242976
vt 0.55311366 0.40917311
vt 0.55840325 0.42523772
vt 0.56174865 0.59285686
vt 0.56364490 0.28709853
vt 0.56364490 0.32502740
vt 0.56750030 8.6894172e-2
vt 0.56750030 0.11862466
vt 0.56750030 0.13651659
vt 0.56750030 0.24449731
vt 0.56750030 0.37666030
vt 0.56750030 0.48560092
vt 0.56750030 0.60557685
vt 0.56750030 0.65340052
vt 0.56761809 0.69132921
vt 0.57012691 0.27485076
vt 0.57953947 4.3817913e-2
vt 0.58240042 0.52176363
vt 0.58250917 0.64040978
vt 0.58538628 0.37712175
vt 0.58558875 0.21420470
vt 0.58801290 0.27531220
vt 0.58871455 0.64046231
vt 0.58891230 0.70413540
vt 0.59217798 0.0000000e+0
vt 0.59459761 0.19327034
vt 0.59779290 0.26258576
vt 0.60233323 0.59056798
vt 0.60562752 0.64040978
vt 0.60573719 0.23395602
vt 0.60582527 0.70408287
vt 0.60657000 0.84505020
vt 0.60739302 0.18465117
vt 0.60779304 0.34573192
vt 0.60877125 0.30781566
vt 0.61675898 0.57033585
vt 0.61734210 0.62540092
vt 0.61840346 0.27485076
vt 0.61967416 0.22955138
vt 0.62117086 0.82494407
vt 0.62127588 0.88001213
vt 0.62692172 0.65321597
vt 0.62703952 0.69114466
vt 0.62892914 0.22661577
vt 0.63037684 0.18400381
vt 0.63229151 0.56364317
vt 0.63455344 0.27427165
vt 0.63833975 0.78947563
vt 0.64195524 0.62881191
vt 0.64389361 0.22185348
vt 0.64585847 0.82494407
vt 0.64585847 0.88861724
vt 0.64585847 0.88363669
vt 0.64602908 0.88861724
vt 0.64602908 0.95229040
vt 0.65285807 0.75443540
vt 0.65304816 0.80950322
vt 0.65432302 0.26064877
vt 0.65690465 0.56705416
vt 0.65748777 0.62211923
vt 0.66714722 0.83775934
vt 0.66714722 0.90143250
vt 0.66724884 0.87568808
vt 0.66724884 0.93936124
vt 0.67191352 0.60188710
vt 0.67662435 0.44063854
vt 0.67742089 0.72651352
vt 0.67742089 0.75067916
vt 0.67742089 0.80223745
vt 0.68163904 0.77774973
vt 0.68222768 0.75089254
vt 0.68321838 0.71062515
vt 0.68359942 0.81798157
vt 0.69152447 0.47680125
vt 0.69182759 0.42086271
vt 0.69748658 0.12322340
vt 0.70761333 0.41470918
vt 0.70791600 8.4428101e-2
vt 0.71624617 0.48012680
vt 0.71694648 0.76389388
vt 0.71725616 0.13684627
vt 0.71785862 0.76389388
vt 0.72143277 4.6578433e-2
vt 0.72220857 0.34868376
vt 0.72288046 8.9190389e-2
vt 0.72318678 0.31076750
vt 0.73015354 0.42090986
vt 0.73178488 0.47337373
vt 0.73213545 9.2126006e-2
vt 0.73340614 0.13742538
vt 0.73669352 0.77897684
vt 0.73723662 0.74833963
vt 0.74137477 0.65286051
vt 0.74149257 0.65328204
vt 0.74149257 0.69078920
vt 0.74149257 0.69121092
vt 0.74287205 0.79472096
vt 0.74303412 0.72441305
vt 0.74303412 0.73245126
vt 0.74312384 0.36209990
vt 0.74394775 0.76233091
vt 0.74441659 4.7225789e-2
vt 0.74476602 0.29844769
vt 0.74607242 9.6530644e-2
vt 0.74612348 0.45308952
vt 0.75401671 0.12516038
vt 0.75706910 0.37712175
vt 0.75721200 5.5844959e-2
vt 0.75961786 0.40122890
vt 0.75963162 0.13742538
vt 0.76003127 0.36253610
vt 0.76167345 0.29888389
vt 0.76201599 0.52176363
vt 0.76274690 0.64040978
vt 0.76274690 0.70408318
vt 0.76397221 0.71103255
vt 0.76550597 0.77468747
vt 0.76622086 7.6779324e-2
vt 0.77227014 0.18124329
vt 0.77702486 0.55659656
vt 0.77880097 0.43390640
vt 0.78088036 0.71062515
vt 0.78160041 0.83745267
vt 0.78160041 0.90112584
vt 0.78161051 0.35021629
vt 0.78170203 0.82494407
vt 0.78170203 0.87538141
vt 0.78170203 0.88861724
vt 0.78170203 0.93905457
vt 0.78187264 0.88861724
vt 0.78187264 0.95229040
vt 0.78241412 0.77428007
vt 0.78258872 0.31230003
vt 0.78430931 0.10707193
vt 0.78430931 0.13629507
vt 0.78430931 0.22431955
vt 0.78430931 0.29604910
vt 0.78430931 0.34445685
vt 0.78430931 0.48927581
vt 0.78430931 0.68837740
vt 0.78430931 0.75243972
vt 0.78430931 0.61687960
vt 0.78522294 0.72629527
vt 0.78522294 0.79035759
vt 0.78814431 0.16084572
vt 0.79073309 0.12064942
vt 0.79963833 0.60973310
vt 0.80299078 0.83775934
vt 0.80299078 0.90143250
vt 0.80309240 0.87568808
vt 0.80309240 0.93936124
vt 0.80425501 0.28122983
vt 0.80433414 0.35916901
vt 0.80433414 0.50398798
vt 0.80524740 0.67499690
vt 0.80524740 0.73905922
vt 0.80678116 0.73865182
vt 0.80678116 0.80271414
vt 0.81071341 0.10587686
vt 0.81121411 0.67458950
vt 0.82215555 0.67458950
vt 0.82215555 0.73865182
vt 0.82323093 0.17525157
vt 0.82368931 0.73106924
vt 0.82368931 0.75243972
vt 0.82368931 0.73824442
vt 0.82368931 0.80230674
vt 0.82434112 0.61241889
vt 0.82460294 0.79035759
vt 0.82654313 0.66744300
vt 0.83937523 0.29555356
vt 0.83937710 0.34465729
vt 0.83937710 0.48947625
vt 0.84036773 0.64679543
vt 0.84313796 0.32009517
vt 0.84313796 0.46491413
vt 0.84321125 0.16047901
vt 0.84326766 0.32009517
vt 0.84462740 0.73905922
vt 0.84580003 0.12028271
vt 0.84616116 0.80271414
vt 0.84747809 0.17525157
vt 0.84812451 0.46491413
vt 0.84812451 0.60973310
vt 0.84848584 0.72946493
vt 0.84963503 0.14483336
vt 0.85308897 0.67458950
vt 0.85418429 0.0000000e+0
vt 0.86153555 0.73865182
vt 0.86306931 0.80230674
vt 0.86599858 0.69582117
vt 0.88259831 0.18957530
vt 0.88316747 0.45040241
vt 0.88316747 0.59522137
vt 0.88927091 1.4405851e-2
vt 0.88927091 0.16084572
vt 0.91744397 0.83745267
vt 0.91744397 0.90112584
vt 0.91754559 0.87538141
vt 0.91754559 0.93905457
vt 0.92435753 0.17525157
vt 0.92890679 3.0418212e-2
vt 0.93274179 5.4968860e-2
vt 0.93533057 1.4772562e-2
vt 0.95531089 0.0000000e+0
vt 0.96782841 6.9374711e-2
vt 0.98780872 5.4602149e-2
vt 0.99039750 1.4405851e-2
vt 0.99423251 3.8956499e-2
vn 0.96572953 -1.7151439e-16 0.25955053
vn 0.96572953 -1.7151439e-16 0.25955053
vn 0.96572953 -1.7151439e-16 0.25955053
vn 0.0000000e+0 1.00000000 2.6532223e-17
vn 0.0000000e+0 1.00000000 2.6532223e-17
vn 0.0000000e+0 1.00000000 2.6532223e-17
vn 0.96572953 -1.7151439e-16 0.25955053
vn 0.96572953 -1.7151439e-16 0.25955053
vn 0.96572953 -1.7151439e-16 0.25955053
vn 0.0000000e+0 1.00000000 2.0076749e-17
vn 0.0000000e+0 1.00000000 2.0076749e-17
vn 0.0000000e+0 1.00000000 2.0076749e-17
vn 0.96572953 3.0131670e-16 -0.25955053
vn 0.96572953 3.0131670e-16 -0.25955053
vn 0.96572953 3.0131670e-16 -0.25955053
vn 0.86640384 3.0131670e-16 0.49934396
vn 0.0000000e+0 1.00000000 2.6532223e-17
vn 0.0000000e+0 1.00000000 2.6532223e-17
vn 0.0000000e+0 1.00000000 2.6532223e-17
vn 0.86640384 3.0131670e-16 0.49934396
vn 0.86640384 3.0131670e-16 0.49934396
vn 0.49934396 -2.7929415e-16 0.86640384
vn 0.49934396 -2.7929415e-16 0.86640384
vn 0.49934396 -2.7929415e-16 0.86640384
vn 0.0000000e+0 1.00000000 6.1746636e-16
vn 0.0000000e+0 1.00000000 6.1746636e-16
vn 0.0000000e+0 1.00000000 6.1746636e-16
vn 0.49934396 -2.7929415e-16 0.86640384
vn 0.49934396 -2.7929415e-16 0.86640384
vn 0.49934396 -2.7929415e-16 0.86640384
vn 0.0000000e+0 1.00000000 2.0735461e-15
vn 0.25955053 -7.5329176e-17 0.96572953
vn 0.25955053 -7.5329176e-17 0.96572953
vn 0.25955053 -7.5329176e-17 0.96572953
vn -0.25955053 3.1919601e-16 0.96572953
vn -0.25955053 3.1919601e-16 0.96572953
vn -0.25955053 3.1919601e-16 0.96572953
vn 0.0000000e+0 1.00000000 9.2619953e-16
vn 0.0000000e+0 1.00000000 9.2619953e-16
vn -0.25955053 3.1919601e-16 0.96572953
vn -0.25955053 3.1919601e-16 0.96572953
vn -0.25955053 3.1919601e-16 0.96572953
vn -0.49934396 3.0131670e-16 0.86640384
vn 0.0000000e+0 1.00000000 -7.3715665e-17
vn 0.0000000e+0 1.00000000 -7.3715665e-17
vn 0.0000000e+0 1.00000000 -7.3715665e-17
vn -0.49934396 3.0131670e-16 0.86640384
vn -0.49934396 3.0131670e-16 0.86640384
vn -0.86640384 -4.9368714e-16 0.49934396
vn -0.86640384 -4.9368714e-16 0.49934396
vn -0.86640384 -4.9368714e-16 0.49934396
vn 0.0000000e+0 1.00000000 2.6532223e-17
vn 0.0000000e+0 1.00000000 2.6532223e-17
vn 0.0000000e+0 1.00000000 2.6532223e-17
vn -0.86640384 -4.9368714e-16 0.49934396
vn -0.86640384 -4.9368714e-16 0.49934396
vn -0.86640384 -4.9368714e-16 0.49934396
vn 0.0000000e+0 1.00000000 0.0000000e+0
vn 0.0000000e+0 1.00000000 0.0000000e+0
vn 0.0000000e+0 1.00000000 0.0000000e+0
vn -0.96572953 3.0131670e-16 0.25955053
vn -0.96572953 3.0131670e-16 0.25955053
vn -0.96572953 3.0131670e-16 0.25955053
vn 0.0000000e+0 1.00000000 -6.4554735e-18
vn -0.96572953 -6.2348945e-16 -0.25955053
vn -0.96572953 -6.2348945e-16 -0.25955053
vn -0.96572953 -6.2348945e-16 -0.25955053
vn 0.0000000e+0 1.00000000 -6.4554735e-18
vn 0.0000000e+0 1.00000000 -6.4554735e-18
vn -0.96572953 -6.2348945e-16 -0.25955053
vn -0.96572953 -6.2348945e-16 -0.25955053
vn -0.96572953 -6.2348945e-16 -0.25955053
vn 0.0000000e+0 1.00000000 -2.6532223e-17
vn 0.0000000e+0 1.00000000 -2.6532223e-17
vn 0.0000000e+0 1.00000000 -2.6532223e-17
vn -0.86640384 -6.0263341e-16 -0.49934396
vn -0.86640384 -6.0263341e-16 -0.49934396
vn -0.86640384 -6.0263341e-16 -0.49934396
vn -0.49934396 1.4801292e-16 -0.86640384
vn -0.49934396 1.4801292e-16 -0.86640384
vn -0.49934396 1.4801292e-16 -0.86640384
vn 0.0000000e+0 1.00000000 0.0000000e+0
vn 0.0000000e+0 1.00000000 0.0000000e+0
vn 0.0000000e+0 1.00000000 0.0000000e+0
vn -0.49934396 1.4801292e-16 -0.86640384
vn -0.49934396 1.4801292e-16 -0.86640384
vn -0.49934396 1.4801292e-16 -0.86640384
vn -0.25955053 7.5329176e-17 -0.96572953
vn 0.0000000e+0 1.00000000 0.0000000e+0
vn -0.25955053 7.5329176e-17 -0.96572953
vn -0.25955053 7.5329176e-17 -0.96572953
vn 0.25955053 -3.9228791e-16 -0.96572953
vn 0.25955053 -3.9228791e-16 -0.96572953
vn 0.25955053 -3.9228791e-16 -0.96572953
vn 0.0000000e+0 1.00000000 0.0000000e+0
vn 0.0000000e+0 1.00000000 0.0000000e+0
vn 0.25955053 -3.9228791e-16 -0.96572953
vn 0.25955053 -3.9228791e-16 -0.96572953
vn 0.25955053 -3.9228791e-16 -0.96572953
vn 0.49934396 -3.0131670e-16 -0.86640384
vn 0.0000000e+0 1.00000000 0.0000000e+0
vn 0.0000000e+0 1.00000000 0.0000000e+0
vn 0.0000000e+0 1.00000000 0.0000000e+0
vn 0.49934396 -3.0131670e-16 -0.86640384
vn 0.49934396 -3.0131670e-16 -0.86640384
vn 0.0000000e+0 1.00000000 -6.4554735e-18
vn 0.86640384 4.7283110e-16 -0.49934396
vn 0.86640384 4.7283110e-16 -0.49934396
vn 0.86640384 4.7283110e-16 -0.49934396
vn 0.0000000e+0 1.00000000 -6.4554735e-18
vn 0.0000000e+0 1.00000000 -6.4554735e-18
vn 0.86640384 4.7283110e-16 -0.49934396
vn 0.86640384 4.7283110e-16 -0.49934396
vn 0.86640384 4.7283110e-16 -0.49934396
vn 0.96572953 3.0131670e-16 0.25955053
vn 0.0000000e+0 -1.00000000 2.0076749e-17
vn 0.0000000e+0 -1.00000000 2.0076749e-17
vn 0.0000000e+0 -1.00000000 2.0076749e-17
vn 0.96572953 3.0131670e-16 0.25955053
vn 0.96572953 3.0131670e-16 0.25955053
vn 0.96572953 -3.5263511e-16 -0.25955053
vn 0.96572953 -3.5263511e-16 -0.25955053
vn 0.96572953 -3.5263511e-16 -0.25955053
vn 0.0000000e+0 -1.00000000 -6.4554735e-18
vn 0.0000000e+0 -1.00000000 -6.4554735e-18
vn 0.0000000e+0 -1.00000000 -6.4554735e-18
vn 0.96572953 -3.5263511e-16 -0.25955053
vn 0.96572953 -3.5263511e-16 -0.25955053
vn 0.96572953 -3.5263511e-16 -0.25955053
vn 0.86640384 -3.7446655e-16 0.49934396
vn 0.86640384 -3.7446655e-16 0.49934396
vn 0.86640384 -3.7446655e-16 0.49934396
vn 0.0000000e+0 -1.00000000 2.0076749e-17
vn 0.0000000e+0 -1.00000000 2.0076749e-17
vn 0.0000000e+0 -1.00000000 2.0076749e-17
vn 0.86640384 -3.7446655e-16 0.49934396
vn 0.86640384 -3.7446655e-16 0.49934396
vn 0.86640384 -3.7446655e-16 0.49934396
vn 0.0000000e+0 -1.00000000 -7.3715665e-17
vn 0.0000000e+0 -1.00000000 -7.3715665e-17
vn 0.0000000e+0 -1.00000000 -7.3715665e-17
vn 0.49934396 3.7664588e-16 0.86640384
vn 0.49934396 3.7664588e-16 0.86640384
vn 0.49934396 3.7664588e-16 0.86640384
vn 0.0000000e+0 -1.00000000 -1.1057350e-16
vn 0.25955053 8.6161893e-17 0.96572953
vn 0.25955053 8.6161893e-17 0.96572953
vn 0.25955053 8.6161893e-17 0.96572953
vn 0.0000000e+0 -1.00000000 -1.1057350e-16
vn 0.25955053 8.6161893e-17 0.96572953
vn 0.25955053 8.6161893e-17 0.96572953
vn 0.25955053 8.6161893e-17 0.96572953
vn 0.0000000e+0 -1.00000000 0.0000000e+0
vn -0.25955053 -3.7664588e-16 0.96572953
vn -0.25955053 -3.7664588e-16 0.96572953
vn -0.25955053 -3.7664588e-16 0.96572953
vn 0.0000000e+0 -1.00000000 -7.3715665e-17
vn -0.49934396 -2.6886613e-16 0.86640384
vn -0.49934396 -2.6886613e-16 0.86640384
vn -0.49934396 -2.6886613e-16 0.86640384
vn 0.0000000e+0 -1.00000000 -7.3715665e-17
vn 0.0000000e+0 -1.00000000 -7.3715665e-17
vn -0.49934396 -2.6886613e-16 0.86640384
vn -0.49934396 -2.6886613e-16 0.86640384
vn -0.49934396 -2.6886613e-16 0.86640384
vn 0.0000000e+0 -1.00000000 0.0000000e+0
vn 0.0000000e+0 -1.00000000 0.0000000e+0
vn 0.0000000e+0 -1.00000000 0.0000000e+0
vn -0.86640384 3.0131670e-16 0.49934396
vn -0.86640384 3.0131670e-16 0.49934396
vn -0.86640384 3.0131670e-16 0.49934396
vn -0.96572953 -5.1318406e-17 0.25955053
vn -0.96572953 -5.1318406e-17 0.25955053
vn -0.96572953 -5.1318406e-17 0.25955053
vn 0.0000000e+0 -1.00000000 2.0076749e-17
vn 0.0000000e+0 -1.00000000 2.0076749e-17
vn 0.0000000e+0 -1.00000000 2.0076749e-17
vn -0.96572953 -5.1318406e-17 0.25955053
vn -0.96572953 -5.1318406e-17 0.25955053
vn -0.96572953 -5.1318406e-17 0.25955053
vn -0.96572953 9.0395011e-16 -0.25955053
vn 0.0000000e+0 -1.00000000 2.0076749e-17
vn 0.0000000e+0 -1.00000000 2.0076749e-17
vn 0.0000000e+0 -1.00000000 2.0076749e-17
vn -0.96572953 9.0395011e-16 -0.25955053
vn -0.96572953 9.0395011e-16 -0.25955053
vn -0.86640384 2.9088868e-16 -0.49934396
vn -0.86640384 2.9088868e-16 -0.49934396
vn -0.86640384 2.9088868e-16 -0.49934396
vn 0.0000000e+0 -1.00000000 -6.4554735e-18
vn 0.0000000e+0 -1.00000000 -6.4554735e-18
vn 0.0000000e+0 -1.00000000 -6.4554735e-18
vn -0.86640384 2.9088868e-16 -0.49934396
vn -0.86640384 2.9088868e-16 -0.49934396
vn -0.86640384 2.9088868e-16 -0.49934396
vn -0.49934396 -1.5065835e-16 -0.86640384
vn 0.0000000e+0 -1.00000000 0.0000000e+0
vn 0.0000000e+0 -1.00000000 0.0000000e+0
vn 0.0000000e+0 -1.00000000 0.0000000e+0
vn -0.49934396 -1.5065835e-16 -0.86640384
vn -0.49934396 -1.5065835e-16 -0.86640384
vn -0.25955053 -7.5329176e-17 -0.96572953
vn -0.25955053 -7.5329176e-17 -0.96572953
vn -0.25955053 -7.5329176e-17 -0.96572953
vn 0.0000000e+0 -1.00000000 0.0000000e+0
vn 0.0000000e+0 -1.00000000 0.0000000e+0
vn -0.25955053 -7.5329176e-17 -0.96572953
vn -0.25955053 -7.5329176e-17 -0.96572953
vn -0.25955053 -7.5329176e-17 -0.96572953
vn 0.0000000e+0 -1.00000000 0.0000000e+0
vn 0.25955053 4.5197506e-16 -0.96572953
vn 0.25955053 4.5197506e-16 -0.96572953
vn 0.25955053 4.5197506e-16 -0.96572953
vn 0.49934396 3.1276344e-16 -0.86640384
vn 0.49934396 3.1276344e-16 -0.86640384
vn 0.49934396 3.1276344e-16 -0.86640384
vn 0.0000000e+0 -1.00000000 0.0000000e+0
vn 0.0000000e+0 -1.00000000 0.0000000e+0
vn 0.0000000e+0 -1.00000000 0.0000000e+0
vn 0.49934396 3.1276344e-16 -0.86640384
vn 0.49934396 3.1276344e-16 -0.86640384
vn 0.49934396 3.1276344e-16 -0.86640384
vn 0.0000000e+0 -1.00000000 -2.6532223e-17
vn 0.0000000e+0 -1.00000000 -2.6532223e-17
vn 0.0000000e+0 -1.00000000 -2.6532223e-17
vn 0.86640384 -3.0131670e-16 -0.49934396
vn 0.86640384 -3.0131670e-16 -0.49934396
vn 0.86640384 -3.0131670e-16 -0.49934396
vn 0.92387953 6.3685693e-16 -0.38268343
vn 0.92387953 6.3685693e-16 -0.38268343
vn 0.38268343 -2.2117184e-16 0.92387953
vn -4.5635109e-17 1.00000000 -2.4868413e-17
vn -4.5635109e-17 1.00000000 -2.4868413e-17
vn 0.92387953 6.3685693e-16 -0.38268343
vn 0.38268343 -2.2117184e-16 0.92387953
vn 0.92387953 6.3685693e-16 -0.38268343
vn 0.92387953 -5.9559238e-16 -0.38268343
vn 0.92387953 -5.9559238e-16 -0.38268343
vn 4.5635109e-17 -1.00000000 -4.9736827e-17
vn 0.38268343 -2.1977299e-16 0.92387953
vn 0.92387953 -4.5963898e-16 -0.38268343
vn 0.92387953 -4.5963898e-16 -0.38268343
vn 4.5635109e-17 -1.00000000 -5.8026298e-17
vn -0.38268343 0.0000000e+0 -0.92387953
vn 0.92387953 -4.5963898e-16 -0.38268343
vn 4.5635109e-17 -1.00000000 -5.8026298e-17
vn 0.92387953 -4.5963898e-16 -0.38268343
vn -0.38268343 0.0000000e+0 -0.92387953
vn 0.92387953 9.5002828e-16 -0.38268343
vn 0.92387953 9.5002828e-16 -0.38268343
vn -4.5635109e-17 1.00000000 -4.9736827e-17
vn -0.38268343 0.0000000e+0 -0.92387953
vn 0.38268343 -4.5044940e-16 -0.92387953
vn 0.38268343 -4.5044940e-16 -0.92387953
vn 0.92387953 -4.6274216e-16 0.38268343
vn -3.7805362e-17 1.00000000 9.9473653e-17
vn 0.38268343 -4.5044940e-16 -0.92387953
vn 0.38268343 -4.5044940e-16 -0.92387953
vn -3.7805362e-17 1.00000000 9.9473653e-17
vn 0.92387953 -4.6274216e-16 0.38268343
vn 0.38268343 2.5588622e-16 -0.92387953
vn 0.38268343 2.5588622e-16 -0.92387953
vn -3.1048554e-17 -1.00000000 -2.6526308e-16
vn 0.92387953 -9.2548431e-16 0.38268343
vn 0.38268343 3.3319786e-16 -0.92387953
vn 0.38268343 3.3319786e-16 -0.92387953
vn -3.1048554e-17 -1.00000000 -1.3263154e-16
vn -0.92387953 0.0000000e+0 -0.38268343
vn 0.38268343 3.3319786e-16 -0.92387953
vn -0.92387953 0.0000000e+0 -0.38268343
vn -3.1048554e-17 -1.00000000 -1.3263154e-16
vn 0.38268343 3.3319786e-16 -0.92387953
vn 0.38268343 -7.1252121e-16 -0.92387953
vn 0.38268343 -7.1252121e-16 -0.92387953
vn -0.92387953 0.0000000e+0 -0.38268343
vn -3.7805362e-17 1.00000000 1.3263154e-16
vn -0.38268343 -6.7121001e-17 -0.92387953
vn -0.38268343 -6.7121001e-17 -0.92387953
vn -0.92387953 5.3052615e-16 0.38268343
vn -1.8902681e-17 -1.00000000 -3.3157884e-17
vn -1.8902681e-17 -1.00000000 -3.3157884e-17
vn -0.92387953 5.3052615e-16 0.38268343
vn -0.38268343 -6.7121001e-17 -0.92387953
vn -0.38268343 -6.7121001e-17 -0.92387953
vn -0.38268343 3.2539698e-16 -0.92387953
vn -0.38268343 3.2539698e-16 -0.92387953
vn -0.92387953 0.0000000e+0 0.38268343
vn 8.7756597e-17 1.00000000 6.6315769e-17
vn -0.38268343 1.7428651e-16 -0.92387953
vn -0.38268343 1.7428651e-16 -0.92387953
vn 8.7756597e-17 1.00000000 1.8488927e-32
vn 0.92387953 0.0000000e+0 -0.38268343
vn -0.38268343 1.7428651e-16 -0.92387953
vn 0.92387953 0.0000000e+0 -0.38268343
vn 8.7756597e-17 1.00000000 1.8488927e-32
vn -0.38268343 1.7428651e-16 -0.92387953
vn -0.38268343 0.0000000e+0 -0.92387953
vn -0.38268343 0.0000000e+0 -0.92387953
vn 0.92387953 0.0000000e+0 -0.38268343
vn -1.8902681e-17 -1.00000000 -6.6315769e-17
vn -0.92387953 4.2888866e-16 -0.38268343
vn -0.92387953 4.2888866e-16 -0.38268343
vn -0.38268343 0.0000000e+0 0.92387953
vn 0.0000000e+0 -1.00000000 4.1447355e-17
vn 0.0000000e+0 -1.00000000 4.1447355e-17
vn -0.38268343 0.0000000e+0 0.92387953
vn -0.92387953 4.2888866e-16 -0.38268343
vn -0.92387953 4.2888866e-16 -0.38268343
vn -0.92387953 -9.5002828e-16 -0.38268343
vn -0.92387953 -9.5002828e-16 -0.38268343
vn -0.38268343 0.0000000e+0 0.92387953
vn -8.5560678e-17 1.00000000 1.9894731e-16
vn -0.92387953 -9.1927796e-16 -0.38268343
vn -0.92387953 -9.1927796e-16 -0.38268343
vn -8.5560678e-17 1.00000000 2.3210519e-16
vn 0.38268343 0.0000000e+0 -0.92387953
vn -0.92387953 -9.1927796e-16 -0.38268343
vn 0.38268343 0.0000000e+0 -0.92387953
vn -8.5560678e-17 1.00000000 2.3210519e-16
vn -0.92387953 -9.1927796e-16 -0.38268343
vn -0.92387953 -4.7501414e-16 -0.38268343
vn -0.92387953 -4.7501414e-16 -0.38268343
vn 0.38268343 0.0000000e+0 -0.92387953
vn 0.0000000e+0 -1.00000000 -4.9736827e-17
vn -0.92387953 -7.8818549e-16 0.38268343
vn -0.92387953 -7.8818549e-16 0.38268343
vn -0.38268343 -1.0988650e-16 -0.92387953
vn 2.2817554e-17 1.00000000 -3.3157884e-17
vn -0.92387953 -7.8818549e-16 0.38268343
vn -0.92387953 -7.8818549e-16 0.38268343
vn 2.2817554e-17 1.00000000 -3.3157884e-17
vn -0.38268343 -1.0988650e-16 -0.92387953
vn -0.92387953 -5.9559238e-16 0.38268343
vn -0.92387953 -5.9559238e-16 0.38268343
vn 3.4222897e-17 -1.00000000 3.4815779e-16
vn -0.38268343 -2.1977299e-16 -0.92387953
vn -0.92387953 -1.5375160e-17 0.38268343
vn -0.92387953 -1.5375160e-17 0.38268343
vn 3.4222897e-17 -1.00000000 1.7407889e-16
vn 0.38268343 0.0000000e+0 0.92387953
vn -0.92387953 -1.5375160e-17 0.38268343
vn 0.38268343 0.0000000e+0 0.92387953
vn 3.4222897e-17 -1.00000000 1.7407889e-16
vn -0.92387953 -1.5375160e-17 0.38268343
vn -0.92387953 -1.9000566e-15 0.38268343
vn -0.92387953 -1.9000566e-15 0.38268343
vn 0.38268343 0.0000000e+0 0.92387953
vn 2.2817554e-17 1.00000000 6.6315769e-17
vn -0.38268343 4.5963898e-16 0.92387953
vn -0.38268343 4.5963898e-16 0.92387953
vn -0.92387953 0.0000000e+0 -0.38268343
vn 9.4513405e-18 1.00000000 0.0000000e+0
vn -0.38268343 4.5963898e-16 0.92387953
vn -0.38268343 4.5963898e-16 0.92387953
vn 9.4513405e-18 1.00000000 0.0000000e+0
vn -0.92387953 0.0000000e+0 -0.38268343
vn -0.38268343 -2.3750707e-16 0.92387953
vn -0.38268343 -2.3750707e-16 0.92387953
vn -9.4513405e-18 -1.00000000 0.0000000e+0
vn -0.92387953 0.0000000e+0 -0.38268343
vn -0.38268343 -3.8543218e-16 0.92387953
vn -0.38268343 -3.8543218e-16 0.92387953
vn -9.4513405e-18 -1.00000000 3.3157884e-17
vn 0.92387953 -2.6526308e-16 0.38268343
vn -0.38268343 -3.8543218e-16 0.92387953
vn 0.92387953 -2.6526308e-16 0.38268343
vn -9.4513405e-18 -1.00000000 3.3157884e-17
vn -0.38268343 -3.8543218e-16 0.92387953
vn -0.38268343 4.9698661e-16 0.92387953
vn -0.38268343 4.9698661e-16 0.92387953
vn 0.92387953 -5.3052615e-16 0.38268343
vn 9.4513405e-18 1.00000000 0.0000000e+0
vn 0.38268343 -2.6553683e-16 0.92387953
vn 0.38268343 -2.6553683e-16 0.92387953
vn -0.92387953 -1.5050664e-16 0.38268343
vn -1.7012413e-16 1.00000000 -4.3105250e-16
vn 0.38268343 -2.6553683e-16 0.92387953
vn 0.38268343 -2.6553683e-16 0.92387953
vn -1.7012413e-16 1.00000000 -4.3105250e-16
vn -0.92387953 -1.5050664e-16 0.38268343
vn 0.38268343 -3.0125417e-16 0.92387953
vn 0.38268343 -3.0125417e-16 0.92387953
vn 1.7012413e-16 -1.00000000 3.9789461e-16
vn -0.92387953 2.2951288e-16 0.38268343
vn 0.38268343 -1.9218950e-17 0.92387953
vn 0.38268343 -1.9218950e-17 0.92387953
vn 1.7012413e-16 -1.00000000 3.9789461e-16
vn 0.92387953 0.0000000e+0 -0.38268343
vn 0.38268343 -1.9218950e-17 0.92387953
vn 0.92387953 0.0000000e+0 -0.38268343
vn 1.7012413e-16 -1.00000000 3.9789461e-16
vn 0.38268343 -1.9218950e-17 0.92387953
vn 0.38268343 -7.1252121e-16 0.92387953
vn 0.38268343 -7.1252121e-16 0.92387953
vn 0.92387953 0.0000000e+0 -0.38268343
vn -1.7012413e-16 1.00000000 -3.3157884e-16
vn 0.92387953 -7.2789637e-16 0.38268343
vn 0.92387953 -7.2789637e-16 0.38268343
vn 0.38268343 0.0000000e+0 -0.92387953
vn 3.8789842e-16 -1.00000000 1.8236836e-16
vn 3.8789842e-16 -1.00000000 1.8236836e-16
vn 0.38268343 0.0000000e+0 -0.92387953
vn 0.92387953 -7.2789637e-16 0.38268343
vn 0.92387953 -7.2789637e-16 0.38268343
vn 0.92387953 -9.5002828e-16 0.38268343
vn 0.92387953 -9.5002828e-16 0.38268343
vn 0.38268343 0.0000000e+0 -0.92387953
vn -3.5937820e-16 1.00000000 -3.6473673e-16
vn 0.92387953 -7.7102416e-17 0.38268343
vn 0.92387953 -7.7102416e-17 0.38268343
vn -3.5937820e-16 1.00000000 -3.0671043e-16
vn -0.38268343 -2.6526308e-16 0.92387953
vn 0.92387953 -7.7102416e-17 0.38268343
vn -0.38268343 -2.6526308e-16 0.92387953
vn -3.5937820e-16 1.00000000 -3.0671043e-16
vn 0.92387953 -7.7102416e-17 0.38268343
vn 0.92387953 -1.5484969e-15 0.38268343
vn 0.92387953 -1.5484969e-15 0.38268343
vn -0.38268343 0.0000000e+0 0.92387953
vn 3.8789842e-16 -1.00000000 2.3210519e-16
vn 6.7369286e-2 0.0000000e+0 -0.99772811
vn -0.29524687 -0.94756169 -0.12229526
vn 6.7369286e-2 0.0000000e+0 -0.99772811
vn -0.29524687 -0.94756169 -0.12229526
vn 6.7369286e-2 0.0000000e+0 -0.99772811
vn -0.29524687 0.94756169 -0.12229526
vn 6.7369286e-2 0.0000000e+0 -0.99772811
vn -0.29524687 0.94756169 -0.12229526
vn 6.7369286e-2 0.0000000e+0 -0.99772811
vn -0.29524687 0.94756169 -0.12229526
vn 6.7369286e-2 0.0000000e+0 -0.99772811
vn -0.29524687 0.94756169 -0.12229526
vn -0.29524687 0.94756169 -0.12229526
vn -0.65786303 -1.7874222e-15 0.75313759
vn -0.29524687 0.94756169 -0.12229526
vn -0.65786303 -1.7874222e-15 0.75313759
vn -0.65786303 -1.1182044e-15 0.75313759
vn -0.29524687 -0.94756169 -0.12229526
vn -0.65786303 -1.1182044e-15 0.75313759
vn -0.29524687 -0.94756169 -0.12229526
vn -0.65786303 -1.1182044e-15 0.75313759
vn -0.29524687 -0.94756169 -0.12229526
vn -0.29524687 -0.94756169 -0.12229526
vn -0.65786303 -1.1182044e-15 0.75313759
vn -0.99772811 -6.5681265e-16 6.7369286e-2
vn -0.12229526 0.94756169 -0.29524687
vn -0.12229526 0.94756169 -0.29524687
vn -0.99772811 -6.5681265e-16 6.7369286e-2
vn -0.99772811 -3.8009941e-16 6.7369286e-2
vn -0.12229526 -0.94756169 -0.29524687
vn -0.99772811 -3.8009941e-16 6.7369286e-2
vn -0.12229526 -0.94756169 -0.29524687
vn -0.12229526 -0.94756169 -0.29524687
vn -0.99772811 -3.8009941e-16 6.7369286e-2
vn -0.12229526 -0.94756169 -0.29524687
vn -0.99772811 -3.8009941e-16 6.7369286e-2
vn -0.12229526 -0.94756169 -0.29524687
vn 0.75313759 0.0000000e+0 -0.65786303
vn -0.12229526 -0.94756169 -0.29524687
vn 0.75313759 0.0000000e+0 -0.65786303
vn 0.75313759 0.0000000e+0 -0.65786303
vn -0.12229526 0.94756169 -0.29524687
vn 0.75313759 0.0000000e+0 -0.65786303
vn -0.12229526 0.94756169 -0.29524687
vn 0.75313759 0.0000000e+0 -0.65786303
vn -0.12229526 0.94756169 -0.29524687
vn 0.75313759 0.0000000e+0 -0.65786303
vn -0.12229526 0.94756169 -0.29524687
vn -0.75313759 0.0000000e+0 -0.65786303
vn 0.12229526 0.94756169 -0.29524687
vn 0.12229526 0.94756169 -0.29524687
vn -0.75313759 0.0000000e+0 -0.65786303
vn -0.75313759 0.0000000e+0 -0.65786303
vn 0.12229526 -0.94756169 -0.29524687
vn -0.75313759 0.0000000e+0 -0.65786303
vn 0.12229526 -0.94756169 -0.29524687
vn 0.12229526 -0.94756169 -0.29524687
vn -0.75313759 0.0000000e+0 -0.65786303
vn 0.12229526 -0.94756169 -0.29524687
vn -0.75313759 0.0000000e+0 -0.65786303
vn 0.12229526 -0.94756169 -0.29524687
vn 0.99772811 0.0000000e+0 6.7369286e-2
vn 0.12229526 -0.94756169 -0.29524687
vn 0.99772811 0.0000000e+0 6.7369286e-2
vn 0.99772811 -1.3997140e-16 6.7369286e-2
vn 0.12229526 0.94756169 -0.29524687
vn 0.99772811 -1.3997140e-16 6.7369286e-2
vn 0.12229526 0.94756169 -0.29524687
vn 0.99772811 -1.3997140e-16 6.7369286e-2
vn 0.12229526 0.94756169 -0.29524687
